FileName	GenomeSize	GeneSize	Coding	ASR
GCF_000001635.27_GRCm39_genomic.gff	2728222451	1320613304	37246699	5.327876867692356
GCF_000003025.6_Sscrofa11.1_genomic.gff	2501912388	1389570318	35553489	3.7031441836833512
GCF_000165445.2_Mmur_3.0_genomic.gff	2487409138	1250699459	35131539	3.5400791294682534
GCF_000247795.1_Bos_indicus_1.0_genomic.gff	2673965444	987855691	32410319	2.0088550810005912
GCF_000317375.1_MicOch1.0_genomic.gff	2287340943	943175664	33754777	2.2294724684449849
GCF_001704415.2_ARS1.2_genomic.gff	2922617086	1091669665	34960833	2.4407724209546151
GCF_002007445.2_ASM200744v3_genomic.gff	2440277323	1139211138	34527780	3.0661491413580602
GCF_002201575.2_ASM220157v2_genomic.gff	2419443398	929442675	32966902	1.8052603790310657
GCF_002263795.3_ARS-UCD2.0_genomic.gff	2770686120	1295081857	36598587	3.6205777561849586
GCF_002776525.5_ASM277652v5_genomic.gff	2993041957	1248336551	35042433	2.6800842567067189
GCF_002837175.3_ASM283717v5_genomic.gff	2496225537	1128102550	33823680	2.9063350587517385
GCF_002863925.1_EquCab3.0_genomic.gff	2506966135	1190788025	36221238	3.7162727844917947
GCF_003254725.2_ASM325472v2_genomic.gff	2349862946	1395147252	35822391	4.2178872147311441
GCF_003255815.1_Tgel_1.0_genomic.gff	2889630685	1236277189	34751377	2.454285480543692
GCF_003339765.1_Mmul_10_genomic.gff	2971331530	1397257445	36176778	3.9096893040060117
GCF_003369695.1_UOA_Brahman_1_genomic.gff	2680953056	1214764829	35666035	3.2449651047558272
GCF_003668045.3_CriGri-PICRH-1.0_genomic.gff	2366634374	925869602	36279403	2.5222020604914586
GCF_003704035.1_HU_Pman_2.1.3_genomic.gff	2512439762	1153416665	36224490	2.9834664891072311
GCF_004115215.2_mOrnAna1.pri.v4_genomic.gff	1859281927	950696141	32172991	2.4965818689347223
GCF_004115265.2_mRhiFer1_v1.p_genomic.gff	2075768562	984760880	33885968	2.9526846628669423
GCF_004126475.2_mPhyDis1.pri.v3_genomic.gff	2108832841	990991035	33945476	2.8199291122033463
GCF_004664715.2_UCI_PerLeu_2.1_genomic.gff	2475180836	1033479850	36639424	2.6362085550253194
GCF_006229205.1_meerkat_22Aug2017_6uvM2_HiC_genomic.gff	2353578744	1086310463	33155871	2.4176518541768965
GCF_006542625.1_Asia_NLE_v1_genomic.gff	2843982884	1269103513	35191847	2.8480701226053866
GCF_007474595.2_mLynCan4.pri.v2_genomic.gff	2407810255	1035683201	33894785	2.4387222400142088
GCF_007565055.1_ASM756505v1_genomic.gff	3038477066	1262501252	35514818	2.8596122046859427
GCF_008632895.1_UCSF_Mcou_1_genomic.gff	2507184835	1114443055	34363302	3.4406017500879282
GCF_008692025.1_mPhoSin1.pri_genomic.gff	2371524154	1089105969	33437755	3.0635845020097792
GCF_008728515.1_Panubis1.0_genomic.gff	2869821163	1427108418	35850088	4.3308721585285923
GCF_009762305.2_mZalCal1.pri.v2_genomic.gff	2409685272	1171373339	35531271	3.4394011404770746
GCF_009806435.1_UM_NZW_1.0_genomic.gff	2841507030	1420086425	37320991	3.7707346249192577
GCF_009829155.1_mMusErm1.Pri_genomic.gff	2445217270	1244808480	36067952	3.5828841903748789
GCF_009834535.1_BCGSAC_Cfer_1.0_genomic.gff	2087093976	1161193660	34856457	3.2083521282728191
GCF_009873245.2_mBalMus1.pri.v3_genomic.gff	2374868943	1100512837	33741698	3.0621316093813653
GCF_009914755.1_T2T-CHM13v2.0_genomic.gff	3117275595	1788081700	34366738	7.4732934501959427
GCF_011064425.1_Rrattus_CSIRO_v1_genomic.gff	2382787281	886643305	34773807	1.786038152221872
GCF_011100555.1_mCalJa1.2.pat.X_genomic.gff	2874864526	1486452324	37555455	4.8800401166754606
GCF_011100635.1_mTriVul1.pri_genomic.gff	3359347707	1189414171	36564794	1.7346961123314411
GCF_011762505.1_mArvNil1.pat.X_genomic.gff	2496761438	922075177	36588418	2.0482769438132036
GCF_011762595.1_mTurTru1.mat.Y_genomic.gff	2378522213	1115944333	33563163	3.3688132730517681
GCF_014441545.1_ROS_Cfam_1.0_genomic.gff	2396858295	1385415847	35727973	3.6862549968899718
GCF_015220235.1_mChoDid1.pri_genomic.gff	3214702648	1364170497	37860694	2.8172450563109064
GCF_015852505.1_mTacAcu1.pri_genomic.gff	2213004214	1008703716	32872687	1.9655412105496579
GCF_016077325.2_ASM1607732v2_genomic.gff	2431907375	1273043559	36538237	3.1513170435672637
GCF_016432865.1_AdamAnt_v2_genomic.gff	3192661299	1323546671	35343809	2.2184381428724902
GCF_016433145.1_AgileGrace_genomic.gff	3701033721	1138869191	33966006	1.3969285938417368
GCF_016509475.1_Fcat_Pben_1.1_paternal_pri_genomic.gff	2435718761	1131404411	34763632	3.2199053884818478
GCF_016772045.2_ARS-UI_Ramb_v3.0_genomic.gff	2654063983	1291049951	36581767	4.5835526752985993
GCF_016881025.1_HiC_Itri_2_genomic.gff	2478965571	1113097630	34737649	3.2902715149203101
GCF_016906955.1_ROS_Pafr_v1_genomic.gff	2435083091	1095765702	34798289	2.7748514876694079
GCF_018345385.1_ASM1834538v1_genomic.gff	2345550353	1119709331	35008077	3.2132793812125127
GCF_018350155.1_O.geoffroyi_Oge1_pat1.0_genomic.gff	2426387554	1313919848	35276627	4.2399368567748841
GCF_018350175.1_F.catus_Fca126_mat1.0_genomic.gff	2425747038	1503160173	35943279	4.483923461740928
GCF_018350195.1_P.tigris_Pti1_mat1.1_genomic.gff	2408695688	1195292413	35116905	3.088454178977333
GCF_018350215.1_P.leo_Ple1_pat1.1_genomic.gff	2297568983	1152846535	33940426	3.0721418758857064
GCF_019320065.1_ASM1932006v1_genomic.gff	2526613007	1208269403	36625148	3.0526801966779766
GCF_019393635.1_mDroGli1.pri_genomic.gff	3303199800	1387331291	36428651	2.2848712953987782
GCF_019923935.1_NDDB_SH_1_genomic.gff	2622460639	1298685229	36222716	3.8456735270762139
GCF_020171115.1_ASM_NN_V1_genomic.gff	2681215271	1082001795	34970376	2.6263414496887307
GCF_020740605.2_mLemCat1.pri_genomic.gff	2245601549	963546811	34236406	2.5380091590221241
GCF_020740685.1_mJacJac1.mat.Y.cur_genomic.gff	2863865261	1160311585	34846646	2.6012538767719566
GCF_020826845.1_mDicBic1.mat.cur_genomic.gff	3005535620	1119162007	36182270	2.6511320876219209
GCF_021613505.1_UCLA_HA_Equagga_1.0_genomic.gff	2500930762	1065443308	35995116	2.8195137640339873
GCF_022355385.1_MUSNIG.SB6536_genomic.gff	2498549507	1136625213	34450511	2.7427669505395724
GCF_022682495.1_HLdesRot8A_genomic.gff	2113489943	980952820	33902273	3.1070935863208935
GCF_022837055.1_UM_Priviv_1.0_genomic.gff	2461562329	1200899607	35004057	3.2775231168204302
GCF_023065955.2_UrsArc2.0_genomic.gff	2423418479	1200066346	35297810	3.5749668888806414
GCF_023091745.1_Takin1.1_genomic.gff	2851654952	993435655	35124450	1.5481103334002384
GCF_023159225.1_ASM2315922v1_genomic.gff	2212099196	855531320	35143958	2.2843188009728443
GCF_023721935.1_Puncia_PCG_1.0_genomic.gff	2433989369	1099090404	34275475	2.5986210256750635
GCF_024139225.1_mSunEtr1.pri.cur_genomic.gff	2471666657	1050229418	33498078	1.419554369656671
GCF_024166365.1_mEleMax1_primary_haplotype_genomic.gff	3401247148	1400204417	36925090	2.997778962759468
GCF_024542745.1_ASM2454274v1_genomic.gff	2822383045	2026802862	35930473	3.4685211074176507
GCF_025265405.1_mMesDen1_primary_haplotype_genomic.gff	2683391478	1033599505	34294785	2.5469691966285835
GCF_026419965.1_mKogBre1_haplotype_1_genomic.gff	2555855246	1248723099	32796783	4.2179249105011305
GCF_027406575.1_mNycCou1.pri_genomic.gff	2917154053	1239758111	36558922	3.0656200420789212
GCF_027409185.1_mCynVol1.pri_genomic.gff	2814418120	999762324	36638585	2.2720055100381198
GCF_027475565.1_VMU_Ajub_asm_v1.0_genomic.gff	2377417351	1345764271	35289859	4.081771253322378
GCF_027574615.1_DD_ASM_mEF_20220401_genomic.gff	2008057866	916244699	34253197	1.9137140395975301
GCF_027595985.1_mSorAra2.pri_genomic.gff	2405993548	1000908474	34444592	2.3311811909399305
GCF_027887165.1_mMonDom1.pri_genomic.gff	3586166573	1582027291	38182462	3.7075389481170702
GCF_028018385.1_mNeoNeb1.pri_genomic.gff	2468345093	1331947233	35728683	3.7811866449149552
GCF_028021215.1_mEscRob2.pri_genomic.gff	2982418581	1071685083	33252536	2.5971582738832311
GCF_028023285.1_mBalRic1.hap2_genomic.gff	2678442663	1196409229	34033367	3.2067230374238318
GCF_028533385.1_Panthera_onca_HiC_genomic.gff	2380259976	1215360283	34151998	3.1437722618746933
GCF_028564815.1_mEubGla1.1.hap2._XY_genomic.gff	2843691573	1081812035	34231746	2.4549688175414714
GCF_028858775.2_NHGRI_mPanTro3-v2.0_pri_genomic.gff	3177756316	1594816740	38249164	6.2000812096180713
GCF_028878055.3_NHGRI_mSymSyn1-v2.1_pri_genomic.gff	3262904224	1522252240	37596901	4.7172593826283711
GCF_028885625.2_NHGRI_mPonPyg2-v2.0_pri_genomic.gff	3220951552	1412272219	37584606	4.3570978235078481
GCF_028885655.2_NHGRI_mPonAbe1-v2.0_pri_genomic.gff	3259870029	1521288162	37527069	4.5302028250594262
GCF_029281585.2_NHGRI_mGorGor1-v2.0_pri_genomic.gff	3545850636	1534378983	38393372	4.4065468904372347
GCF_029289425.2_NHGRI_mPanPan1-v2.0_pri_genomic.gff	3244905271	1550002662	38481835	4.2716797678696974
GCF_029407905.1_PCC_UOA_SB_1v2_genomic.gff	2898492518	1309065151	36525576	3.083667373240055
GCF_030014295.1_mLoxAfr1.hap2_genomic.gff	3540876381	1250239579	37237931	3.0219356977701044
GCF_030020395.1_mManPen7.hap1_genomic.gff	2840164579	1243579036	36291656	3.5350785866591483
GCF_030028045.1_mHipAmp2.hap2_genomic.gff	2538259262	1057953209	36747529	2.9847327693788608
GCF_030254825.1_Bangor_MerUng_6.1_genomic.gff	2702201048	1081354292	36015429	3.0783760482208891
GCF_030435755.1_mOchPri1.hap1_genomic.gff	2555444530	968713537	34678153	2.2666739200325923
GCF_030435805.1_mMusLut2.pri_genomic.gff	2586268927	1201530126	35591384	3.2715154038404353
GCF_030445035.1_mDasNov1.hap2_genomic.gff	3570966115	1377961071	37714874	3.0927181408586968
GCF_032405125.1_serow.2_genomic.gff	2828283278	946804621	34306272	1.7624876290842677
GCF_032452875.1_ARS-OSU_banteng_1.0_genomic.gff	2972811588	1292266096	36544462	3.4633294642564447
GCF_033115175.1_mLepTim1.pri_genomic.gff	2930972321	1123652839	36397498	2.2625859887402151
GCF_033118175.1_ASM3311817v1_genomic.gff	3104280228	1129061811	36597213	2.5369685117825775
GCF_036321535.1_mCamDro1.pat_genomic.gff	2306603094	1132409040	34463263	3.0728930977893767
GCF_036323735.1_GRCr8_genomic.gff	2849581192	1286142611	38225037	4.7472962027479531
GCF_036850765.1_mSacBil1_pri_phased_curated_genomic.gff	2612309609	1172678821	34007263	2.974245472209863
GCF_036850995.1_mSacLep1_pri_phased_curated_genomic.gff	2576513769	1176694272	34151065	2.8717158601056805
GCF_037993035.1_T2T-MFA8v1.0_genomic.gff	3042914375	1527820072	36877520	4.6061200427794491
GCF_039906515.1_mPseCra1.hap1_genomic.gff	2674592094	1318285452	33360167	3.9973217460212354
GCF_041146395.1_OSU_ERuf_1_genomic.gff	2415577446	915318388	33794278	2.2874241905685926
GCF_900094665.2_CAROLI_EIJ_v1.1_genomic.gff	2552832562	1020320320	34998709	2.8114695316332954
GCF_900095145.1_PAHARI_EIJ_v1.1_genomic.gff	2475012951	962869834	34374867	2.5159734581663979
GCF_902635505.1_mSarHar1.11_genomic.gff	3086674442	1298047186	35281564	2.7820323101322835
GCF_902655055.1_mLutLut1.2_genomic.gff	2438458878	1192943008	35710356	3.2866964137798012
GCF_902686445.1_mSciCar1.2_genomic.gff	2815397268	1075605297	36497701	2.7769462246402861
GCF_903992535.2_mArvAmp1.2_genomic.gff	2297766297	888657614	35516615	2.1618236141028642
GCF_903995425.1_mOncTor1.1_genomic.gff	2468394440	978105808	35017639	2.4751675291415278
GCF_903995435.1_mAcoRus1.1_genomic.gff	2301522284	923730223	34563650	1.7539736110046249
GCF_910594005.1_mCerEla1.1_genomic.gff	2886603524	1237320235	37651428	3.0428681217615439
GCF_922984935.1_mMelMel3.1_paternal_haplotype_genomic.gff	2738694446	1117747477	35862955	2.8896937801137694
GCF_937001465.1_mOrcOrc1.1_genomic.gff	2647351467	1333789255	34260195	3.8447042114033501
GCF_947179515.1_mApoSyl1.1_genomic.gff	2889785202	1022130790	37090074	2.3859350078406423
GCF_949774975.1_mLagAlb1.1_genomic.gff	2544835795	1095748907	33461425	2.8798861973152667
GCF_949786415.1_PerEre_H2_v1_genomic.gff	2916563079	935942598	36283778	1.8627221233687408
GCF_949987515.1_mDelDel1.1_genomic.gff	2663516986	1105159209	33128386	2.3603894255518516
GCF_949987535.1_mBalAcu1.1_genomic.gff	2772885358	1176073562	34590048	3.159894371930331
GCF_950005125.1_mChiNiv1.1_genomic.gff	2393390621	965587975	36426563	2.441391409889536
GCF_950295315.1_mEriEur2.1_genomic.gff	2720683831	1261354776	34939427	2.9279819328462371
GCF_963259705.1_mMyoDau2.1_genomic.gff	2127807131	1009506722	36120753	3.305615555688997
GCF_963455315.1_mGloMel1.1_genomic.gff	2651292441	1215546487	33656670	3.1222395441973316
GCF_963924675.1_mPhoPho1.1_genomic.gff	2512713112	893267297	32020782	1.7756656598830096
GCF_963930625.1_mMunRee1.1_genomic.gff	2656168540	1097857029	36190850	2.5722424038120133
GCF_000146605.3_Turkey_5.1_genomic.gff	1115474681	463508513	26861651	1.8452544484328235
GCF_000247815.1_FicAlb1.5_genomic.gff	1118343587	526261978	27273463	1.8717353201535134
GCF_000738735.6_ASM73873v6_genomic.gff	1030881721	606296677	26971534	3.0930384975507881
GCF_001522545.3_Parus_major1.1_genomic.gff	1020310769	570285686	27427502	3.083236964124549
GCF_001577835.2_Coturnix_japonica_2.1_genomic.gff	927656957	574861714	28979159	3.1706115764091014
GCF_002078875.1_NumMel1.0_genomic.gff	1043264150	651586469	28880405	3.219100043784012
GCF_003957555.1_bCalAnn1_v1.p_genomic.gff	1059687259	516828588	26878017	2.1050259027665619
GCF_003957565.2_bTaeGut1.4.pri_genomic.gff	1056271262	613060756	30221454	3.0930281183691557
GCF_004027225.2_bStrHab1.2.pri_genomic.gff	1148597545	639194153	29644399	3.2759716262083773
GCF_005870125.1_lonStrDom2_genomic.gff	1060269806	580914162	27846578	2.2217793511288892
GCF_009650955.1_bCorMon1.pri_genomic.gff	1112734094	654744117	29812038	3.2913735384343732
GCF_009769625.2_bCygOlo1.pri.v2_genomic.gff	1134186642	709103668	29785789	3.5396305600633915
GCF_009819655.1_bSylAtr1.pri_genomic.gff	1066804524	566139225	28388271	1.9910501417997595
GCF_009819795.1_bAytFul2.pri_genomic.gff	1127004725	554283088	28239036	2.1301852159542558
GCF_009819885.2_bCatUst1.pri.v2_genomic.gff	1131616530	617617649	30495828	2.5970660642498378
GCF_009829145.1_bChiLan1.pri_genomic.gff	1089631598	626276084	28928780	2.9518742235241167
GCF_011077185.1_BPBGC_Ojam_1.0_genomic.gff	1147585764	686253766	29140822	3.0760138818321598
GCF_012275295.1_bMelUnd1.mat.Z_genomic.gff	1171617451	555480846	29370298	1.8598838527276775
GCF_012460135.2_BPBGC_Mater_1.1_genomic.gff	1087236743	575192435	29192453	1.9799535174382228
GCF_013368605.1_bNycGra1.pri_genomic.gff	1256393467	600343221	29082327	2.1940407657200196
GCF_013377495.2_CAtr_DNAZoo_HiC_assembly_genomic.gff	1124233768	594020729	28645831	2.5891124610767968
GCF_014839835.1_bDryPub1.pri_genomic.gff	1187939694	579499861	27938000	1.7791577779368601
GCF_015220075.1_bFalRus1.pri_genomic.gff	1195847496	650468880	29374969	3.0741124186377866
GCF_015220805.1_bPogPus1.pri_genomic.gff	1272338968	741002755	28607513	2.7685735561843492
GCF_015227805.2_bHirRus1.pri.v3_genomic.gff	1105955550	584803197	28200185	2.8305428847363943
GCF_015476345.1_ZJU1.0_genomic.gff	1188533289	733226250	30500005	3.2650590385149116
GCF_015832195.1_Motacilla_alba_V1.0_pri_genomic.gff	1072670728	601799997	28819245	3.6447579386621682
GCF_016700215.2_bGalGal1.pat.whiteleghornlayer.GRCg7w_genomic.gff	1050511239	715865964	31792263	4.7171744899065535
GCF_017639655.2_bFalNau1.pat_genomic.gff	1215719661	652577232	29592727	3.0578962188918921
GCF_017976375.1_bCucCan1.pri_genomic.gff	1180136575	690917255	30741913	3.054920524952367
GCF_018139145.2_ASM1813914v2_genomic.gff	1240248578	604189565	27519869	1.7181930626195931
GCF_020740725.1_bCorHaw1.pri.cur_genomic.gff	1151611379	647354194	30006553	3.3326861969117214
GCF_020740795.1_bApuApu2.pri.cur_genomic.gff	1100378261	614277036	27445505	2.9014114697470497
GCF_020745825.1_Agelaius_phoeniceus_1.1_genomic.gff	1188547179	517824787	29196546	1.8380649204190112
GCF_021018805.1_Cam_Psub_1.2_genomic.gff	1119947663	605086557	29936911	2.5284301042281885
GCF_022539315.1_serCan2020_genomic.gff	1050352878	588850729	28366821	2.6608922444993044
GCF_023343835.1_bLagMut1_primary_genomic.gff	1026771810	666672159	29767011	3.3551889707703606
GCF_023634085.1_bFalChe1.pri_genomic.gff	1309385023	681192375	29737146	3.1355005621588568
GCF_023634155.1_bFalPer1.pri_genomic.gff	1311598859	676711475	29559520	3.0655741365218381
GCF_023638135.1_bFalBia1.pri_genomic.gff	1285492283	673880789	29232084	3.0705121810678979
GCF_024509145.1_ASM2450914v1_genomic.gff	1123269635	569595961	29685883	2.3740334757770216
GCF_026419915.1_bHarHar1_primary_haplotype_genomic.gff	1351447071	696269468	30994147	3.3525003285297705
GCF_026979565.1_bVidCha1_merged_haplotype_genomic.gff	1080440577	579429098	30373660	2.4603615435215906
GCF_027477595.1_bHaeMex1.pri_genomic.gff	1148233018	580045006	30311794	2.7099025547613578
GCF_027579445.1_bAmmNel1.pri_genomic.gff	1185463352	556081195	28836174	1.9050765888706318
GCF_027791375.1_UM_Iind_1.1_genomic.gff	1147325966	481608286	26570296	1.456943987375978
GCF_027887145.1_bAmmCau1.pri_genomic.gff	1241209685	535296824	29801572	1.6035053117332201
GCF_028018845.1_bMelGeo1.pri_genomic.gff	1162015399	550918689	28129861	2.1134562662787419
GCF_028389875.1_bPtePen1.pri_genomic.gff	1269016774	613737296	30182873	2.4481609818919492
GCF_028500815.1_bRisTri1.patW.cur.20221130_genomic.gff	1353621101	664556217	30345826	3.3794707054604478
GCF_028769735.1_RI_Zleu_2.0_genomic.gff	1123996003	611705113	29750826	2.7243373007525911
GCF_028858705.1_bGruAme1.mat_genomic.gff	1257837975	685576107	31759239	3.4491808509643445
GCF_028858725.1_bColStr4.1.hap1_genomic.gff	1212482152	573657901	28570663	2.5012775517319987
GCF_029582105.1_OMel1.0_genomic.gff	1036256795	566733420	29659810	2.3495116118410739
GCF_030490865.1_bPoeAtr1.hap1_genomic.gff	1251133642	619624547	32179672	2.5118581071926402
GCF_030936135.1_bGavSte3.hap2_genomic.gff	1321270170	540666784	29742816	1.5194062324159219
GCF_031753505.1_ASM3175350v1_genomic.gff	1198243876	704561139	30506897	3.0813950366699046
GCF_035770615.1_bMelMel2.pri_genomic.gff	1541245192	620404116	30505535	2.6246835205479924
GCF_036013445.1_bCalNic1.hap1_genomic.gff	1285834579	578254458	30912504	2.2998037622574996
GCF_036013475.1_bColLiv1.pat.W.v2_genomic.gff	1325566026	744179455	31440333	4.3607624003219048
GCF_036250125.1_bDixPip1.hap1_genomic.gff	1165201947	707266458	31090068	3.3016001766223217
GCF_036370855.1_bDroNov1.hap1_genomic.gff	1468706110	790391389	33037655	2.9379169314529134
GCF_036417665.1_bPasDom1.hap1_genomic.gff	1310131054	777162218	32407774	3.4480045127443804
GCF_036417845.1_bAptMan1.hap1_genomic.gff	1504396159	660367471	31547263	2.092646167117572
GCF_036971685.1_bPatFas1.hap2_genomic.gff	1410041145	609632106	30752777	2.313765973069684
GCF_037042795.1_BPBGC_Maene_1.0_genomic.gff	1177188543	563137829	29426167	1.7945532627474043
GCF_037157495.1_bLatDis1.hap1_genomic.gff	1241003407	664384545	30006476	2.8093005323250888
GCF_040182565.1_Taihu_goose_T2T_genome_genomic.gff	1215354515	781010219	33230040	3.6069592754026178
GCF_040807025.1_bStrCam1.hap1_genomic.gff	1452018929	810896622	33015372	4.0066408459671452
GCF_041296385.1_UR_Acoe_1.0_genomic.gff	1330915384	655634572	31715053	2.785322572218309
GCF_900496995.4_bAquChr1.4_genomic.gff	1233704830	710677853	30853268	3.7594237991255901
GCF_901933205.1_STF_HiC_genomic.gff	1051609828	541832166	28363254	2.2501618819899862
GCF_929443795.1_bAccGen1.1_genomic.gff	1398011397	727356528	31422433	3.1529870077215216
GCF_963662255.1_bCinCin1.1_genomic.gff	1170837027	471714336	29404004	1.819647011339
GCF_963921805.1_bPhaCar2.1_genomic.gff	1283623959	699145985	30941007	2.7377042382621872
GCF_963924245.1_bChrRid1.1_genomic.gff	1417554307	674918863	30628947	2.9508925004832847
GCF_963932015.1_bAnaAcu1.1_genomic.gff	1189296988	746949983	31270076	3.6001953113257543
GCF_002204515.2_AaegL5.0_genomic.gff	1278732104	702514384	24184000	2.5020224942110487
GCF_002237135.1_ASM223713v2_genomic.gff	623660103	229766452	37696479	1.5320270627927877
GCF_002706865.2_ASM270686v3_genomic.gff	429583062	264483634	23921124	1.8343446152446683
GCF_003254395.2_Amel_HAv3.1_genomic.gff	225250884	185150539	18274133	3.1285302016790619
GCF_003369915.1_D.miranda_PacBio2.1_genomic.gff	287096000	133916963	29238526	2.2915347374214416
GCF_003590095.1_tn1_genomic.gff	368211209	221377869	24466198	1.8351202340469901
GCF_003672135.1_Obir_v5.4_genomic.gff	223876465	166752117	20825201	2.4194042592914231
GCF_003676215.2_ASM367621v3_genomic.gff	326023155	172391001	19358256	1.826214303602556
GCF_004354385.1_UK_Dinn_1.0_genomic.gff	167978031	96967878	22360034	1.6178974504242705
GCF_004382145.1_ASM438214v1_genomic.gff	152313266	87352700	22883196	2.1250682815459867
GCF_004382195.2_ASM438219v2_genomic.gff	153084571	89276672	23029264	2.1983773341605706
GCF_005508785.2_pea_aphid_22Mar2018_4r6ur_v2_genomic.gff	533649363	232631902	24308193	1.8943199932631767
GCF_007210705.1_Tcal_SD_v2.1_genomic.gff	191142546	109382820	25932574	1.4468634698584104
GCF_008121235.1_UCBerk_Dsub_1.0_genomic.gff	126248017	88271254	22511408	2.1831012969068837
GCF_009193385.2_Nvit_psr_1.1_genomic.gff	297309692	230422263	22720092	3.1227805767687911
GCF_009650485.2_ASM965048v2_genomic.gff	167525814	114959300	23572198	2.2722859361693803
GCF_009870125.1_UCI_Dpse_MV25_genomic.gff	163282969	104017078	23879805	2.6037441679276694
GCF_010883055.1_B_treatae_v1_genomic.gff	1538686255	682516887	22182075	2.0393978922170266
GCF_011750605.1_ASM1175060v1_genomic.gff	118492362	71649125	21010048	1.7779490080174971
GCF_012273895.1_Zerene_cesonia_1.1_genomic.gff	266405969	175625611	19687936	1.7109169798195198
GCF_013141755.1_UCI_ANSTEP_V1.0_genomic.gff	243460342	161051053	23500816	3.1042519119336109
GCF_013339695.2_BIME_Rsan_1.4_genomic.gff	2365502231	926516607	31390506	1.4745166261416749
GCF_013339725.1_ASM1333972v1_genomic.gff	2529930304	785046529	26237946	1.3731910264622087
GCF_013339745.2_BIME_Dsil_1.4_genomic.gff	2474308340	1049007986	32864251	1.7692840466682171
GCF_013373865.1_ASM1337386v2_genomic.gff	325506644	258167769	23433830	2.5643007566411464
GCF_013758885.1_VT_AalbS3_pri_1.0_genomic.gff	172602732	124417682	21883734	2.7150771435989856
GCF_014356525.2_ASM1435652v1_genomic.gff	1085557067	685099206	26524030	1.952640002292261
GCF_014466175.1_ASM1446617v1_genomic.gff	179370016	147588319	18385939	2.9774514644044014
GCF_014529535.1_BU_Bcop_v1_genomic.gff	309728657	197753127	26784487	2.1122696507123693
GCF_014743375.2_RU_Dsub_v1.1_genomic.gff	265153789	116027152	23936565	2.374875467720619
GCF_014825855.1_ASM1482585v1_genomic.gff	254804690	210707585	18879294	3.2793349687758453
GCF_014839805.1_JHU_Msex_v1.0_genomic.gff	470036997	268190839	24809719	1.8181451390078218
GCF_014905175.1_ASM1490517v1_genomic.gff	156964627	93392149	21431528	1.9613441934704796
GCF_015104395.2_ASM1510439v2_genomic.gff	4253878664	1889993815	38892006	2.2318818936724427
GCF_015228065.2_NSTDA_Pmon_1_genomic.gff	2391056164	433840408	31902806	1.5904790004992038
GCF_015732765.1_VPISU_Cqui_1.0_pri_paternal_genomic.gff	573230032	341235676	25111949	1.9562631319456725
GCF_016086655.3_UVic_Lsal_1.2_genomic.gff	647191672	175002462	21432697	1.6126605065148825
GCF_016617805.1_CSIRO_BtryS06_freeze2_genomic.gff	570658800	255786473	23720177	2.082200820002313
GCF_016746235.2_Prin_Dtei_1.1_genomic.gff	149494471	89543510	23400649	1.9866152430216786
GCF_016746245.2_Prin_Dsan_1.1_genomic.gff	146800522	93551556	23099819	2.3705561935355424
GCF_016746365.2_Prin_Dyak_Tai18E2_2.1_genomic.gff	147899117	97684928	23275796	2.5608072437135982
GCF_016746395.2_Prin_Dsim_3.1_genomic.gff	131663590	92380652	23179391	2.5254611736779453
GCF_016801865.2_TS_CPP_V2_genomic.gff	566354144	369374859	27360656	1.9416071383668578
GCF_016802725.1_UNIL_Sinv_3.0_genomic.gff	378101515	279697814	24616663	2.5787145479466491
GCF_016920715.1_AaraD3_genomic.gff	256823338	160181604	23134945	2.6370269304724951
GCF_017562075.2_AmerM5.1_genomic.gff	294379759	167665393	25005385	2.7341349473323446
GCF_017591435.1_ASM1759143v1_genomic.gff	1005062047	663074826	29589524	2.6474444806885034
GCF_017639315.1_ASM1763931v2_genomic.gff	213817545	111999232	24392569	2.4932025814911092
GCF_018135715.1_MEX_DaPlex_genomic.gff	245173502	146254392	21143273	1.9591978971278476
GCF_018902025.1_UCI_dwil_1.1_genomic.gff	246985538	99731667	23992468	1.7033095969951904
GCF_019202785.1_ASM1920278v2_genomic.gff	1466079641	480003793	31479850	2.0909727968843561
GCF_019457755.1_ASM1945775v1_genomic.gff	290760430	194625910	21546174	2.3962075122942941
GCF_019925205.1_ASM1992520v1_genomic.gff	480811620	234656697	26455041	1.7795838985847725
GCF_020080835.1_MPM_Cglom_v2.3_genomic.gff	288846213	189837408	23118121	2.2849255352543576
GCF_020184175.1_ASM2018417v2_genomic.gff	334871293	207266452	22937209	2.0638677966443084
GCF_020631705.1_ASM2063170v1.1_genomic.gff	161467056	83291843	27334190	1.8571134904674329
GCF_020882245.1_ASM2088224v1_genomic.gff	338184925	193239607	21288330	1.9044292342330282
GCF_021130785.1_UT_GWSS_2.1_genomic.gff	2305003542	702667158	27411488	1.8305042396822822
GCF_021134715.1_ASM2113471v1_genomic.gff	133196385	82517619	25415168	2.2906502132899536
GCF_021155765.1_iyDipSimi1.1_genomic.gff	270225736	156081990	20097338	2.2669242563368344
GCF_021155775.2_iyNeoPine1.2_genomic.gff	272498186	208064240	21917746	2.8411258621210411
GCF_021155785.1_iyNeoFabr1.1_genomic.gff	260422217	199148516	21175837	2.800388763853821
GCF_021234035.1_SC_F0-13Bv2_genomic.gff	185057732	111904544	27675479	1.8866082859848605
GCF_021461385.2_iqSchPice1.1_genomic.gff	8742459392	2303292930	27349831	1.5518101007644252
GCF_021461395.2_iqSchAmer2.1_genomic.gff	8990369808	2347621865	27495606	1.5611211842357648
GCF_021464435.1_ULB_Chis1_1.0_genomic.gff	206388925	181402920	19091978	2.4964786781128701
GCF_021901455.1_iyNeoLeco1.1_genomic.gff	272073844	205802096	21773853	2.8432179182986124
GCF_021901495.1_iyNeoVirg1.1_genomic.gff	262970509	200104973	21456416	2.7662558835548303
GCF_022045245.1_ASM2204524v1_genomic.gff	409159265	206415919	23049780	2.051712467537651
GCF_022539665.2_CSIRO_AGI_Dcar_HiC_V3_genomic.gff	108159910	72242189	22390913	1.4509124750741518
GCF_022581195.2_ilHelZeax1.1_genomic.gff	375180944	242061841	24634710	1.9122586789128022
GCF_022605725.1_icAntGran1.3_genomic.gff	697452952	489845822	21883209	2.2651862896342121
GCF_023078275.1_LegGlyc_1.1_genomic.gff	657423512	407681356	24338217	1.6205688773339477
GCF_023101765.2_AGI-APGP_CSIRO_Sfru_2.0_genomic.gff	383923118	302821051	24967205	2.7548586635949039
GCF_023373825.1_ASM2337382v1_genomic.gff	530326621	346917545	25379251	2.7587784210022588
GCF_023558435.1_ASM2355843v2_genomic.gff	168251146	116475254	23640016	1.9102925734060416
GCF_023558535.2_ASM2355853v2_genomic.gff	171766801	112257095	23644626	1.9304092185683124
GCF_023864275.1_iqSchCanc2.1_genomic.gff	8536893415	2483436063	26704609	1.6733578087587802
GCF_023864345.2_iqSchSeri2.2_genomic.gff	9082822131	2580730705	27361618	1.72876180056311
GCF_023897955.1_iqSchGreg1.2_genomic.gff	8742434016	2900288547	32390383	2.3604231848694099
GCF_023898315.1_iqSchNite1.1_genomic.gff	8822571301	2576805120	28358544	1.7140376812011222
GCF_024139115.2_GZ_Asu_2_genomic.gff	1335741332	757482259	31842915	2.0631752463617103
GCF_024334085.1_ASM2433408v1_genomic.gff	147838017	173665052	19887826	2.2909992776485475
GCF_024362695.1_ilPecGoss1.1_genomic.gff	476509747	350737255	24208219	2.1161658773823881
GCF_024364675.1_icAetTumi1.1_genomic.gff	259984281	159573398	21196153	1.8870636100805651
GCF_024516045.1_iyBomAffi1.2_genomic.gff	365123313	255696196	19237763	3.425621679610046
GCF_024542735.1_iyBomHunt1.1_genomic.gff	317402180	243659275	19673192	3.073355101703882
GCF_024586455.1_APGP_CSIRO_Bneo_wtdbg2-racon-allhic-juicebox.fasta_v2_genomic.gff	577342536	324475247	24021611	2.2848177418242264
GCF_024679095.1_ASM2467909v1_genomic.gff	1765827443	662901466	34160711	3.4496966119938195
GCF_024763615.1_Ppap_2.1_genomic.gff	351623088	239002537	20582697	2.0926623464359406
GCF_025200985.1_Dgunungcola_SK_2_genomic.gff	189841955	114760392	22940794	2.3324234549161638
GCF_025231255.1_RU_DBia_V1.1_genomic.gff	193597863	114706631	23454124	2.5076365674539796
GCF_026212275.2_iyMicDemo2.1a_genomic.gff	225878136	136802190	20702214	1.982710834696231
GCF_026230105.1_icDioSubl1.1_genomic.gff	456219552	300314365	19640792	2.0488163613768733
GCF_026250575.1_icDioCari1.1_genomic.gff	415385902	297558172	20305217	2.3531577623622542
GCF_026283585.1_UHH_iyHylVolc1.0_haploid_genomic.gff	252651163	197841837	20935392	2.5325920813902125
GCF_026875155.1_ASM2687515v2_genomic.gff	5247620940	1434403359	28551790	1.8745525937252971
GCF_026930045.1_Udiv.v.3.1_genomic.gff	2151890133	812200433	25427422	1.2338036864295563
GCF_027563975.2_ilPloInte3.2_genomic.gff	291332140	225981423	22851133	2.4764207534042186
GCF_027943255.1_idAnaObli1_1.0_genomic.gff	836742189	294171171	24837327	1.9170902327774644
GCF_028408465.1_idAnaLude1.1_genomic.gff	820766187	306848819	25254011	2.2190466694577746
GCF_028554725.1_idZeuCucr1.2_genomic.gff	439259567	255676094	24258037	2.61106593249899
GCF_029169275.1_AcerK_1.0_genomic.gff	223056484	208674661	18481225	3.7804723442304287
GCF_029784135.1_ASM2978413v1_genomic.gff	903034419	537690599	29928923	2.3281939346764999
GCF_029784155.1_ASM2978415v1_genomic.gff	1077644186	584806939	34385144	1.868716937756608
GCF_029784165.1_ASM2978416v1_genomic.gff	769230131	474950063	26180520	2.4530983341812922
GCF_029852145.1_iyMicMedi2.1_genomic.gff	269288274	176566604	23955408	2.1359259671135638
GCF_030247185.1_Malgen_1.1_genomic.gff	831262279	530302992	24893288	2.3659754388411849
GCF_030247195.1_ASM3024719v1_genomic.gff	1168159140	702737747	31117552	2.1003337601878194
GCF_030269925.1_ASM3026992v2_genomic.gff	461704601	338506729	22895101	2.5413489112801906
GCF_030705265.1_ASM3070526v1_genomic.gff	355247349	258110720	24279981	1.9125874521895219
GCF_031307605.1_icTriCast1.1_genomic.gff	241861439	130867612	20489540	2.2775011542474841
GCF_032362555.1_ilAmyTran1.1_genomic.gff	327391803	216018367	23159618	1.6580080034135278
GCF_032445375.1_Brsri_v3_genomic.gff	1605073380	930704630	24952292	2.3246985086580425
GCF_032884065.1_ASM3288406v1_genomic.gff	1270737767	885541913	23225167	2.076294736653562
GCF_033807575.1_ilCydPomo1_genomic.gff	642246045	456792879	27460090	1.7375259148822892
GCF_034640455.1_iyDiaLong2_genomic.gff	194452999	127667043	20923478	2.5113661791791975
GCF_035046485.1_AalbF5_genomic.gff	1344164507	804218311	38446550	1.9048765363862297
GCF_035594125.1_ASM3559412v1_genomic.gff	1210776245	703510271	33098486	2.9158021004344428
GCF_036172545.1_AGI_CSIRO_Cbre_v1_genomic.gff	129509707	86511494	18977664	1.5082386852249043
GCF_036898095.1_ASM3689809v2_genomic.gff	5857151857	2001658022	52423261	1.781112147907014
GCF_037043105.1_ilVanTame1_primary_haplotype_genomic.gff	363368026	259931489	20232540	1.9603896001194117
GCF_037126465.1_ASM3712646v1_genomic.gff	1071364447	590886337	36168436	1.7818168305646394
GCF_037355615.1_Dsuz_RU_1.0_genomic.gff	178737268	112989027	23571845	2.436125343603778
GCF_039881205.1_ESF131.1_genomic.gff	177600458	135216774	19431989	1.9623168271657625
GCF_040115645.1_ASM4011564v1_genomic.gff	219832364	146400169	18752461	2.4730511904544157
GCF_040412425.1_ASM4041242v1_genomic.gff	3176536843	1742857699	37959564	3.0320091927293999
GCF_040414725.1_ASM4041472v1_genomic.gff	6424016119	2515952089	24291874	1.8391511087205541
GCF_040581485.1_Lhum_UNIL_v1.0_genomic.gff	244442583	218644175	23992541	2.6022194147756172
GCF_040869045.1_ASM4086904v1_genomic.gff	1907801847	1023636908	24851128	3.2220924539119511
na_genomic.gff	0	0	0	-nan
GCF_902806685.1_iAphHyp1.1_genomic.gff	408137179	267110219	21502872	1.4795057143994532
GCF_905115235.1_iHerIll2.2.curated.20191125_genomic.gff	1004948288	567657215	23134262	2.2307895536066811
GCF_905147045.1_ilAglIoxx1.1_genomic.gff	384156914	262753022	20498052	2.0983226601239964
GCF_905147105.1_ilPieBrab1.1_genomic.gff	292325833	181138702	20152459	2.2218183895077024
GCF_905147365.1_ilAriAges1.1_genomic.gff	435265205	291522869	21782531	1.9255733413164888
GCF_905147765.1_ilVanAtal1.2_genomic.gff	370420815	216274231	20666352	1.9141109664637475
GCF_905147795.1_ilPieRapa1.1_genomic.gff	256370193	170486588	20384706	2.2269962588619134
GCF_905163445.1_ilParAegt1.1_genomic.gff	516571003	294434567	22689756	1.8738228828904109
GCF_905220365.1_ilVanCard2.1_genomic.gff	424798336	243521249	21862629	1.7537077539942703
GCF_905220415.1_ilColCroc2.1_genomic.gff	324897031	217525532	22560325	1.7031661113038044
GCF_905220565.1_ilMelCinx1.1_genomic.gff	499397863	221181108	22523243	1.0435023943932054
GCF_905332965.1_iyBomPasc1.1_genomic.gff	307548333	223125025	19003024	2.6984387853217466
GCF_905333055.1_ilManJurt1.1_genomic.gff	402038846	312235481	23687448	2.3158794480519811
GCF_905404315.1_ilLepSina1.1_genomic.gff	685583065	410329505	20143831	2.0806522354163914
GCF_905475345.1_iyVesVulg1.1_genomic.gff	188185082	163077368	18686235	3.4040300253100746
GCF_905475395.1_inChrCarn1.1_genomic.gff	560232532	285388985	21843966	1.5179710497626668
GCF_905475465.1_ilPieNapi1.2_genomic.gff	319186907	210719890	21640966	2.2601571482529939
GCF_907164935.1_iOsmBic2.1_genomic.gff	222969496	144295621	20177542	2.5728866776736234
GCF_907165205.1_icCocSept1.1_genomic.gff	398849173	245689618	23545749	1.8128751818428031
GCF_910589235.1_iyVesCrab1.2_genomic.gff	229313526	156375449	18740071	3.1870883520131805
GCF_910591565.1_ilCydSple1.2_genomic.gff	630601649	462267998	24482358	1.524740958366837
GCF_910591885.1_iyBomTerr1.2_genomic.gff	392962041	216219566	18933528	3.1120809074779934
GCF_912470025.1_iVesVel2.1_genomic.gff	193976845	159699359	18623139	3.6297811018862074
GCF_912999745.1_ilPapMach1.1_genomic.gff	252114018	149557337	22293310	1.493339122813077
GCF_914767665.1_icHarAxyr1.1_genomic.gff	425524972	278132493	23049790	2.1233203859991785
GCF_917208135.1_iyAthRosa1.1_genomic.gff	171955050	135641202	20608037	2.8604477951975729
GCF_917563875.1_PGI_DIABVI_V3a_genomic.gff	2533404242	1378824204	30728126	2.2330751963201401
GCF_921293095.1_ioIscEleg1.1_genomic.gff	1722738530	895089475	27714860	2.0018118799806315
GCF_932276165.1_ilPluXylo3.1_genomic.gff	323302761	222507367	23559023	1.8079117287673603
GCF_943734635.1_idAnoCruzAS_RS32_06_genomic.gff	184084636	83548918	20920801	1.1913601682841877
GCF_943734655.1_idSabCyanKW18_F2_genomic.gff	676043992	328819882	24215178	1.5556505097753153
GCF_943734665.1_idAnoAquaMG_Q_19_genomic.gff	176588384	121166229	21715081	2.1758146331574815
GCF_943734685.1_AcolN3_genomic.gff	262617596	175672070	23333424	2.5036976570605325
GCF_943734695.1_idAnoMacuDA_375_x_genomic.gff	224074805	289925768	21387394	1.4210826246526342
GCF_943734705.1_idAnoCousDA_361_x.2_genomic.gff	269983652	118244741	22170475	1.2714423123546068
GCF_943734725.1_idAnoMarsDA_429_01_genomic.gff	225727465	83981767	21565801	1.0359200662196595
GCF_943734735.2_idAnoGambNW_F1_1_genomic.gff	264466744	167385067	23387224	3.3167712850400712
GCF_943734745.1_idAnoDarlMG_H_01_genomic.gff	181652731	128534173	21343371	2.2506846739439612
GCF_943734755.1_idAnoMoucSN_F20_07_genomic.gff	271316723	115938848	21796687	1.3432116082595489
GCF_943734765.1_idAnoZiCoDA_A2_x.2_genomic.gff	269983652	98638504	21783657	1.0959319640407486
GCF_943734845.2_idAnoFuneDA-416_04_genomic.gff	250713484	182038150	22915439	2.7500129934233422
GCF_943735745.2_idAnoBellAS_SP24_06.2_genomic.gff	169590962	85120093	20278034	1.2356374883285037
GCF_943737925.1_idAnoNiliSN_F5_01_genomic.gff	195236048	82556399	20183323	1.067154105396817
GCF_945859685.1_idEupCoro1.1_genomic.gff	648195582	339247189	24335097	2.0375456074820657
GCF_945859705.1_idEpiBalt1.1_genomic.gff	535345329	316453537	23734902	2.2164526316561157
GCF_947172395.1_ilBicAnyn1.1_genomic.gff	457159770	323840500	22904534	1.9182279368792223
GCF_947563725.1_qqArgBrue1.1_genomic.gff	1778384155	830983614	30481941	1.8794359584909635
GCF_947568885.1_ilCydStro3.1_genomic.gff	542588748	421157884	23793529	1.5616136219221621
GCF_948474715.1_ilCydAmpl1.1_genomic.gff	504318984	368091952	23585212	1.3369499498244917
GCF_949628265.1_ieCloDipt1.1_genomic.gff	190111064	136236279	22026892	2.1691484663383287
GCF_950023065.1_ihPlaCitr1.1_genomic.gff	403646906	331025639	28876995	1.8866406632684598
GCF_958450345.1_idCalVici1.1_genomic.gff	706524439	314878960	24734066	1.6180773108634867
GCF_963082655.1_idStoCalc2.1_genomic.gff	1070934565	569372343	27126656	2.1329623526025472
GCF_963556715.1_ilCydFagi1.1_genomic.gff	555051570	414363628	24552133	1.4293275455945111
GCF_963855985.1_ilOstNubi1.1_genomic.gff	495500553	314294771	22763468	1.405017504362692
GCF_963966145.1_icTenMoli1.1_genomic.gff	276826441	196792560	24229469	2.2066060548004582
GCF_000002035.6_GRCz11_genomic.gff	1679203469	1094906131	57078292	2.1486242790866972
GCF_000238955.4_M_zebra_UMD2a_genomic.gff	957485262	508225321	45411825	2.19575385926463
GCF_000523025.1_Cse_v1.0_genomic.gff	470199494	349782881	38385276	2.0677834907322277
GCF_000633615.1_Guppy_female_1.0_MT_genomic.gff	731622281	485670651	40593503	2.3635333713377729
GCF_000972845.2_L_crocea_2.0_genomic.gff	657939657	427698251	42690893	2.420511184903066
GCF_001444195.1_X_couchianus-1.0_genomic.gff	688541509	498991155	42128983	2.6290797715197636
GCF_001640805.2_TLL_Latcal_v3_genomic.gff	673814222	460642895	45154791	2.049875172714231
GCF_001649575.2_ASM164957v2_genomic.gff	680655669	455666007	40688708	2.3642470289299919
GCF_001660625.3_Coco_2.0_genomic.gff	842942949	551720123	43229470	2.6258696671506727
GCF_001858045.2_O_niloticus_UMD_NMBU_genomic.gff	1005681550	622115924	51491190	2.5239156251778216
GCF_002021735.2_Okis_V2_genomic.gff	2375911593	1235578634	75366243	2.6047587777461589
GCF_002234675.1_ASM223467v1_genomic.gff	734057086	472340200	40953839	2.5589163203967278
GCF_002775205.1_X_maculatus-5.0-male_genomic.gff	704321165	470359378	42890525	2.3367030830235818
GCF_002910315.2_ASM291031v2_genomic.gff	2169553147	883644213	58287625	1.8206355980364615
GCF_002922805.2_ASM292280v2_genomic.gff	778703520	503828747	41293140	2.2499734096268775
GCF_003331165.1_Xiphophorus_hellerii-4.1_genomic.gff	732906125	514841402	43663608	2.4226640867607641
GCF_003368295.1_ASM336829v1_genomic.gff	1820635050	960018721	91103207	2.2922467043339099
GCF_003711565.1_ASM371156v2_genomic.gff	366303280	268358520	39373481	2.7274693339915768
GCF_004354835.1_PFLA_1.0_genomic.gff	877456336	549828514	42490795	2.060044487282481
GCF_005281545.1_ASM528154v1_genomic.gff	1087415941	663039470	43560341	2.1884704483833128
GCF_006386435.1_YSFRI_EMoa_1.0_genomic.gff	1030477684	682625971	43059569	2.1586887225926485
GCF_007364275.1_fArcCen1_genomic.gff	932930362	513618430	45242203	1.7680173089714486
GCF_008315115.2_SLUC_FBN_1.2_genomic.gff	901238333	650494297	45041588	2.9495605705553722
GCF_008692095.1_UIUC_Espe_1.0_genomic.gff	854806606	561493356	40377195	2.5856687667382543
GCF_008729295.1_YSFRI_Pleo_2.0_genomic.gff	895705288	492192674	41291405	1.6246483983773379
GCF_009762535.1_fNotCel1.pri_genomic.gff	846744125	563955397	41136867	1.9018247062908316
GCF_009769545.1_fCycLum1.pri_genomic.gff	572885595	338713766	39381017	2.0103641559079088
GCF_009819705.1_fHipHip1.pri_genomic.gff	596792615	422018932	41046183	2.6760974826818855
GCF_009829125.3_fPerMag1.2.pri_genomic.gff	752605561	479476559	40068900	1.6261953784606016
GCF_010015445.1_GENO_Pfluv_1.0_genomic.gff	951345774	612012804	44598330	2.44233970195745
GCF_011004845.1_fEsoLuc1.pri_genomic.gff	918748614	568776343	45784675	2.8783620720251917
GCF_011125445.2_MU-UCD_Fhet_4.1_genomic.gff	1203505739	698928238	47184055	2.2540420275451103
GCF_011397635.1_E.fuscoguttatus.final_Chr_v1_genomic.gff	1047012452	721608936	43986599	2.3081129095704807
GCF_012432095.1_ASM1243209v1_genomic.gff	886586436	585497987	46260857	2.5668896492773579
GCF_013103735.1_CSU_Ecrag_1.0_genomic.gff	643078674	468104790	39024956	2.6939976306443496
GCF_013265735.2_USDA_OmykA_1.1_genomic.gff	2341688614	1327053491	77869096	2.8317538706241048
GCF_013347855.1_fAngAng1.pri_genomic.gff	979045926	650855720	47873400	2.6951969151971658
GCF_013358815.1_fEleEle1.pri_genomic.gff	589358956	363697252	40754630	2.3913693732466714
GCF_013358895.1_ZZ_aureus_genomic.gff	1005575223	553685296	47881996	2.0407000577001844
GCF_013368585.1_fMegCyp1.pri_genomic.gff	959258046	528231825	45578113	1.8041920910591449
GCF_014805685.1_ASM1480568v1_genomic.gff	742596447	479200905	40275278	2.2672919352660954
GCF_014905685.2_NemWhi1_genomic.gff	1218316901	562849370	35549041	1.185395296598859
GCF_015220715.1_fPygNat1.pri_genomic.gff	1222050449	765464941	46414262	2.4545682531804558
GCF_015220745.1_fSebUmb1.pri_genomic.gff	800904020	600525700	44288298	2.6730573389837651
GCF_015846415.1_ASM1584641v1_genomic.gff	607940176	392796210	43580257	2.0909319786709841
GCF_016432855.1_SaNama_1.0_genomic.gff	2345513378	979200188	67351706	1.5394270636589369
GCF_016859285.1_ASM1685928v1_genomic.gff	691780295	439692309	39765982	2.3352615056758816
GCF_016920845.1_GAculeatus_UGA_version5_genomic.gff	471894361	309959105	40936656	2.4036345323369841
GCF_017589495.1_AALO_Geno_1.1_genomic.gff	854464681	515931350	42043407	2.0833501671260848
GCF_017639745.1_fMelBoe1.pri_genomic.gff	865592457	543921737	43732664	2.1964884874152646
GCF_017654505.1_ASM1765450v1_genomic.gff	1542083420	809704846	54136686	2.4314756909944579
GCF_017976325.1_fCheRos1.pri_genomic.gff	644208431	385710592	40637189	1.7145782893595323
GCF_017976425.1_fToxJac2.pri_genomic.gff	621503431	366621396	41313205	1.9726706025349523
GCF_018296145.1_Otsh_v2.0_genomic.gff	2294859190	1197754050	70977889	2.4486728395092165
GCF_018320785.1_ASM1832078v1_genomic.gff	1173472134	727715912	42643985	2.1060303346415679
GCF_018340385.1_ASM1834038v1_genomic.gff	1680134903	888950486	75530705	2.1963324451956328
GCF_018492685.1_fAloSap1.pri_genomic.gff	903581644	606941205	47404035	2.5698404998646214
GCF_018555375.3_ASM1855537v3_genomic.gff	976090453	690389046	47033765	2.656536298975853
GCF_018812025.1_ASM1881202v1_genomic.gff	1109888616	732312671	52393159	2.4575898735176476
GCF_018831695.1_ASM1883169v1_genomic.gff	730818536	431852252	45705995	2.2745181458143509
GCF_019097595.1_SWU_Hwy_1.0_genomic.gff	789816092	490074129	42282551	2.4595830795544953
GCF_019176455.1_IFAPA_SoseM_1_genomic.gff	603535267	395261803	42481421	2.1625984921737906
GCF_019703515.2_UBuf_Myxa_2_genomic.gff	2340864798	1420196704	72300912	2.338468386124922
GCF_019740435.1_SWU_Gaff_1.0_genomic.gff	680166006	484988472	42481846	2.5305384092772241
GCF_019802595.1_ASM1980259v1_genomic.gff	636535704	489119441	36587137	2.7107984972970147
GCF_019924925.1_HZGC01_genomic.gff	893215104	688795186	46668087	2.8673717652064892
GCF_020085105.1_ASM2008510v1_genomic.gff	718820513	526326486	42530185	3.2470739546512672
GCF_020382885.2_fScaArg1.pri_genomic.gff	570802272	404672409	42314120	2.6075731457962497
GCF_020615455.1_ASM2061545v1_genomic.gff	2753287365	1239382644	74091570	2.0832239079290669
GCF_021018895.1_ASM2101889v1_genomic.gff	647095223	453913949	42185126	2.3210605320937052
GCF_021184085.1_OgorEven_v1.0_genomic.gff	2690283663	1297220321	71089806	2.2752769503970796
GCF_021292245.1_ASM2129224v1_genomic.gff	829587215	539549451	42756302	2.2470776588676915
GCF_021347895.1_KAUST_Apoly_ChrSc_genomic.gff	956771783	665945483	43857835	2.2088131801307567
GCF_021462225.1_DD_fGirMul_XY1_genomic.gff	1150004004	694607519	43794905	2.305414659536309
GCF_021917145.1_fHypTra1_genomic.gff	437273953	270951039	38740486	1.9714469508720154
GCF_022379125.1_ASM2237912v1_genomic.gff	538234718	404590183	41010362	2.945138304314407
GCF_022458985.1_CIBA_Mcephalus_1.1_genomic.gff	634849760	425676003	42930357	2.4716223999721221
GCF_022539355.2_HSTE1.2_genomic.gff	602165188	399078489	40591298	2.4437751904361371
GCF_022539595.1_ASM2253959v1_genomic.gff	863484803	581710065	42967715	2.673667403537749
GCF_022655615.1_HZAU_PFXX_2.0_genomic.gff	712016913	483099019	43067814	2.9272270935320748
GCF_022985175.1_IGBB_LRoh.1.0_genomic.gff	1126558565	624071686	46129959	2.1717258409009208
GCF_023373465.1_Oket_V2_genomic.gff	2556477726	1388153468	72782697	3.2906822070635826
GCF_023375685.1_Billie_1.0_genomic.gff	825475682	503384589	41301277	2.1354390567633055
GCF_023375975.1_AstMex3_surface_genomic.gff	1373169186	969623027	48871235	2.522097241864258
GCF_023724105.1_carGib1.2-hapl.c_genomic.gff	1583351535	1004903865	79268276	2.5370477970279057
GCF_023856365.1_BBRACH_0.4_genomic.gff	988088817	568281920	47124259	2.911671778223611
GCF_024217435.2_RoL_Ssco_1.2_genomic.gff	428400902	275668217	37065000	2.7007152569809794
GCF_024256425.1_CGAR_prim_01v2_genomic.gff	969620777	532845412	42924956	1.9403676034053476
GCF_024489055.1_ASM2448905v1_genomic.gff	1085526929	621229330	47542871	2.3647670120721149
GCF_024500275.1_UOR_Pequ_1.1_genomic.gff	666479602	433525740	36828363	2.6002873383212823
GCF_024500385.1_UOR_Ptae_1.2_genomic.gff	652173514	490878223	38012657	3.2449180019170982
GCF_024679245.1_ASM2467924v1_genomic.gff	1228868788	791258366	47671369	2.1910457197065183
GCF_024868665.1_Trosa_1v2_genomic.gff	684821613	444919552	42744285	2.1999955549613239
GCF_025434085.1_ASM2543408v3_genomic.gff	544521268	409929262	37733106	2.6190059731631954
GCF_025860055.1_RBS_HiC_50CHRs_genomic.gff	2186823573	1249380218	69782527	1.8733344236731353
GCF_026213295.1_NIFS_Gcha_1.0_genomic.gff	629936721	374899895	42164987	1.7384576449650038
GCF_027358585.1_fPanHyp1.pri_genomic.gff	764974446	511977605	42633992	2.6506546231936245
GCF_027409825.1_fScoJap1.pri_genomic.gff	828681152	423044218	42464460	1.3648438482439198
GCF_027579695.1_fNeoGra1.pri_genomic.gff	2341916362	1266628099	44401349	2.1538303712348918
GCF_027580225.1_HAU_Mang_1.0_genomic.gff	1104586043	722335526	50376022	2.3497651918605245
GCF_027596085.1_Afim_UVic_2022_genomic.gff	653543715	370849074	40516660	1.4836768381204177
GCF_027744805.1_RoL_Ddac_1.1_genomic.gff	670648883	484324759	38748113	2.9695460524748651
GCF_027744825.2_RoL_Sspl_1.0_genomic.gff	582898256	331089982	39849979	2.6504871432930992
GCF_029220125.1_NWPU_hadal_v1_genomic.gff	626455521	386124826	38245438	2.178306756481649
GCF_029448725.1_ASM2944872v1_genomic.gff	2496185110	1327324210	76314985	2.4460424777650158
GCF_029633855.1_fHopMal1.hap1_genomic.gff	1186371479	619902292	46752522	1.9116340932367242
GCF_029633865.1_fLamInc1.hap2_genomic.gff	1482357630	685508149	38239202	1.438222272525457
GCF_030014155.1_HZAU_Pvac_v1_genomic.gff	692121426	447174833	41323102	2.0962269967051359
GCF_030014385.1_fTriRos1.hap1_genomic.gff	1045025885	591545337	40782407	1.7536970537320173
GCF_030265055.1_RoL_Dexc_1.0_genomic.gff	519378276	398872827	38975946	2.7366050589253175
GCF_030265065.1_ASM3026506v1_genomic.gff	1326793283	841255240	40690990	2.4933304645573875
GCF_030273125.1_C.striata_1.0_genomic.gff	926021963	583056729	44721421	1.5778317956399461
GCF_031168955.1_ASM3116895v1_genomic.gff	555697652	380361181	39960430	2.4202115943196807
GCF_033026475.1_Channa_argus_male_v1.0_genomic.gff	675473700	424354152	43751109	3.0451283874884179
GCF_033458585.1_RoL_Styp_1.0_genomic.gff	435284570	252367870	38059582	2.3325232000708782
GCF_033807715.1_fColSai1.1_genomic.gff	1146362327	640064161	44037519	2.0337216317749416
GCF_033978785.1_RoL_Eaeq_v1.1_genomic.gff	1892198045	1236724861	46284176	2.2584874147916127
GCF_033978795.1_RoL_Noph_v1.0_genomic.gff	1845757181	1217771538	42775373	2.4132680736647227
GCF_034236695.1_Oner_Uvic_2.0_genomic.gff	2645636310	1253012046	71016768	1.923274613116722
GCF_034702125.1_IST_EnEncr_1.0_genomic.gff	1435200347	821042466	50196077	1.8395614661281199
GCF_036321145.2_Pm_UMD_F_2_genomic.gff	972201687	512760499	45704875	2.0151713575411812
GCF_036324505.1_JC_Emac_rtc_rv5_genomic.gff	606306633	409873671	41673957	1.8672524905662307
GCF_036373705.1_fAmiCal2.hap1_genomic.gff	989103751	497487058	37207860	2.1235968959246785
GCF_036934945.1_UVic_Omas_1.1_genomic.gff	2664802492	1252083953	71824387	1.9663685539007802
GCF_038355195.1_fOsmMor3.pri_genomic.gff	497690099	282139438	40739569	1.5974096338623514
GCF_040054535.1_ASM4005453v1_genomic.gff	548561997	341905758	39761681	2.1480804345269005
GCF_040954835.1_fLepOcu1.hap2_genomic.gff	1200589847	651769638	37527852	2.9021651439043192
GCF_040956055.1_CSIRO-AGI_Bhir_v1_genomic.gff	406634837	215367477	37348171	1.0746199860764265
GCF_900246225.1_fAstCal1.2_genomic.gff	880445564	522493032	47369338	2.5792573879753187
GCF_900324465.2_fAnaTes1.2_genomic.gff	555658001	363325709	43407756	1.9670337715683806
GCF_900324485.2_fMasArm1.2_genomic.gff	591951587	369017597	41281997	2.2457115143920969
GCF_900634415.1_fCotGob3.1_genomic.gff	609391784	380887472	38427225	1.980123805453035
GCF_900634625.1_fParRan2.1_genomic.gff	551012959	320469828	42263304	2.13395701386716
GCF_900634775.1_fGouWil2.1_genomic.gff	937150793	573969504	41646500	2.3447817223536194
GCF_900634795.4_fBetSpl5.4_genomic.gff	427001245	315227028	42349569	2.9370697255502174
GCF_900700375.1_fDenClu1.1_genomic.gff	567401054	355173939	42686803	2.6896115879186362
GCF_900700415.2_Ch_v2.0.2_genomic.gff	786325606	460613282	46134834	2.1722751186229479
GCF_900880675.1_fSpaAur1.1_genomic.gff	833595063	544988111	46770388	2.5628358054245775
GCF_900963305.1_fEcheNa1.1_genomic.gff	544229245	331399109	39757999	1.9697771761601985
GCF_900964775.1_fSclFor1.1_genomic.gff	784563014	452928971	43387615	2.3565987897698455
GCF_901000725.2_fTakRub1.2_genomic.gff	384126662	262076293	40123852	2.5793656351837804
GCF_901001165.1_fSalTru1.1_genomic.gff	2371880186	1247768395	76228575	2.4952095195272901
GCF_901709675.1_fSynAcu1.2_genomic.gff	324331233	250846764	36527626	2.6832841532050291
GCF_902148845.1_fSalaFa1.1_genomic.gff	797507141	450250413	43997921	1.8426190864791088
GCF_902148855.1_fSphaOr1.1_genomic.gff	1342662642	766941098	43813827	2.0360123985517173
GCF_902150065.1_fMyrMur1.1_genomic.gff	835254674	525868045	43212787	1.798956197849493
GCF_902167405.1_gadMor3.0_genomic.gff	669966409	404563168	43388628	2.2557633534759383
GCF_902362185.1_fChaCha1.1_genomic.gff	656929047	330411211	41726306	1.2959643012731585
GCF_902500255.1_fThaAma1.1_genomic.gff	2446592878	1425251449	40000421	1.8292251224055867
GCF_902713425.1_fAciRut3.2_maternal_haplotype_genomic.gff	1899810788	1043318109	68034880	2.7271410488267196
GCF_902827115.1_fPseGeo1.1_genomic.gff	1026101545	522309179	40721874	1.8554750206240509
GCF_903798145.1_fDanAes4.1_genomic.gff	1381485597	835554223	43690145	1.6523668438271377
GCF_904848185.1_fAcaLat1.1_genomic.gff	685144197	508230708	44470036	2.7678636914078503
GCF_905237065.1_Ssal_v3.1_genomic.gff	2756584103	1411738479	78002908	2.7371623247687125
GCF_910596095.1_fThuMac1.1_genomic.gff	782423979	544766676	45286117	2.3258417585239202
GCF_914725855.1_fThuAlb1.1_genomic.gff	792101331	559402026	45503961	2.3598863624201858
GCF_947347685.1_fPlePla1.1_genomic.gff	687388084	371262515	41785450	1.7848083962240444
GCF_949316205.1_fPlaFle2.1_genomic.gff	597120941	364235635	40981902	1.8343337017398558
GCF_949316345.1_fPunPun2.1_genomic.gff	480434100	298648654	40617018	2.239362746915591
GCF_958295425.1_fSolSol10.1_genomic.gff	643757955	418945732	41988330	2.4420790729233577
GCF_963082965.1_fCarCar2.1_genomic.gff	1684296438	992378641	73906998	2.0970848525061188
GCF_963514075.1_fConCon1.1_genomic.gff	1136402888	625481718	47335072	2.0247310070638531
GCF_963576545.1_fLimLim1.1_genomic.gff	717580706	350443405	41128173	1.3795449411283112
GCF_963584025.1_fLabMix1.1_genomic.gff	740563171	493756226	41968077	2.0518810761808313
GCF_963691925.1_fScoSco1.1_genomic.gff	764141294	431875135	41529279	1.4620324133245848
GCF_963692335.1_fOsmEpe2.1_genomic.gff	508721272	326484818	42101420	1.9861815587217724
GCF_963854185.1_fSarPil1.1_genomic.gff	869396467	517724136	47725151	1.7364109335138616
GCF_963924715.1_fThuThy2.1_genomic.gff	799047066	547350721	45839239	2.2663416380014509
GCF_963930695.1_fLabBer1.1_genomic.gff	720210020	464152759	43440898	2.1305305428999191
GCF_000002425.4_Phypa_V3_genomic.gff	472081022	90817938	31041624	2.5935087030240429
GCF_000002775.5_P.trichocarpa_v4.1_genomic.gff	392319212	159147836	42213302	1.8822887629117475
GCF_000003195.3_Sorghum_bicolor_NCBIv3_genomic.gff	709344700	124987227	37671754	1.4522764721812529
GCF_000004075.3_Cucumber_9930_V3_genomic.gff	226640966	100346657	27060588	1.6210563125974942
GCF_000004515.6_Glycine_max_v4.0_genomic.gff	978941695	220770391	60984356	1.681412721649467
GCF_000005505.3_Brachypodium_distachyon_v3.0_genomic.gff	271298618	109329178	34373794	1.5728869207745877
GCF_000147395.1_OglaRS2_genomic.gff	347453675	113254415	36831667	1.4201628723456909
GCF_000184155.1_FraVesHawaii_1.0_genomic.gff	214373013	77557729	30151525	1.0258032719738057
GCF_000188115.5_SL3.1_genomic.gff	827962994	138943696	33525536	1.5888932543837628
GCF_000208745.1_Criollo_cocoa_genome_V2_genomic.gff	324879930	89490340	29629785	1.5049479434292217
GCF_000231095.2_ObraRS2_genomic.gff	263329681	95518826	32015864	1.3286755590915804
GCF_000263155.2_Setaria_italica_v2.0_genomic.gff	405868399	107081182	36802765	1.3736688534135955
GCF_000309985.2_CAAS_Brap_v3.01_genomic.gff	352983092	178655041	52290192	1.5271850981155319
GCF_000331145.1_ASM33114v1_genomic.gff	530893862	114639810	32834033	1.5095060360084307
GCF_000340665.2_C.cajan_V1.1_genomic.gff	590523786	136430171	37446472	1.5104256283475783
GCF_000346465.2_Prunus_persica_NCBIv2_genomic.gff	227569171	88723323	32154571	1.4884951505028632
GCF_000346735.1_P.mume_V1.0_genomic.gff	234030239	85130805	31796731	1.2952995702608547
GCF_000442705.1_EG5_genomic.gff	1535178229	249447204	35146015	1.7523592361751397
GCF_000499845.2_P._vulgaris_v2.0_genomic.gff	537700155	127715331	39312653	1.5833769855216844
GCF_000512975.1_S_indicum_v1.0_genomic.gff	275059498	101803331	32285115	1.538549576174655
GCF_000633955.1_Cs_genomic.gff	641356059	224001403	101585272	1.3502741125701765
GCF_000695525.1_BOL_genomic.gff	488954160	115626581	52993649	1.3257986254164154
GCF_000741045.1_Vradiata_ver6_genomic.gff	463637892	121776884	36227781	1.6581347888792857
GCF_000801105.2_ASM80110v3_genomic.gff	433842377	138866694	63874587	1.3000923199706951
GCF_000816755.2_Araip1.1_genomic.gff	1353504219	187479473	45494365	1.5909312724773716
GCF_000817695.3_aradu.V14167.gnm2.J7QH_genomic.gff	1081891522	142694270	42544530	1.3875215215681076
GCF_001406875.1_SPENNV200_genomic.gff	926426464	141884598	34592028	1.5511446452344453
GCF_001411555.2_Walnut_2.0_genomic.gff	572946670	168078227	41529857	1.5896122637744696
GCF_001531365.2_CcrdV1.1_genomic.gff	724962400	135902570	34761656	1.6316086322239653
GCF_001540865.1_ASM154086v1_genomic.gff	382055938	129321866	29580726	1.6965657638017404
GCF_001625215.2_DH1_v3.0_genomic.gff	441119532	155144696	46332318	1.5126277515405122
GCF_001633185.2_ValleyOak3.2_genomic.gff	845947251	201431308	48224595	1.6134515800495577
GCF_001659605.2_M.esculenta_v8_genomic.gff	640430993	147895202	40657710	1.8139245422331951
GCF_001865875.1_LupAngTanjil_v1.0_genomic.gff	609203021	163604348	45297133	1.6898900864211428
GCF_001876935.1_Aspof.V1_genomic.gff	1187538024	213557127	32372241	1.4332865617798904
GCF_001879085.1_NIATTr2_genomic.gff	2365682703	167054030	41017882	1.3897749279204616
GCF_002114115.1_ASM211411v1_genomic.gff	703358299	155801935	47476150	1.5225054895984615
GCF_002127325.2_HanXRQr2.0-SUNRISE_genomic.gff	3010047587	283484943	71451821	1.3489254668540918
GCF_002162155.2_WEW_v2.1_genomic.gff	10677097747	335172698	85268339	1.3399965255568071
GCF_002211085.1_PHallii_v3.1_genomic.gff	535889049	104169946	34909622	1.5141000953834447
GCF_002575655.2_Aet_v5.0_genomic.gff	4218179011	213371097	54522861	1.352347137469547
GCF_002742605.1_O_europaea_v1_genomic.gff	1141145264	186015988	47059783	1.5518461060477053
GCF_002806865.2_ASM280686v2_genomic.gff	260363902	121388428	38670338	1.5734365704277009
GCF_002870075.4_Lsat_Salinas_v11_genomic.gff	2590369317	136157947	46281234	1.3575896010032922
GCF_002878395.1_UCD10Xv1.1_genomic.gff	3212488018	230167593	37898675	1.7419083648702758
GCF_002994745.2_RchiOBHm-V2_genomic.gff	515118979	134846416	41513710	1.7056404980426949
GCF_003073215.2_Tu2.1_genomic.gff	4849192930	172146762	45749286	1.4276858003860431
GCF_003086295.2_arahy.Tifrunner.gnm1.KYV3_genomic.gff	2557073284	281664077	85853219	1.6035882358703406
GCF_003473485.1_MtrunA17r5.0-ANR_genomic.gff	430008013	138668011	43564905	1.405366223110093
GCF_003573695.1_ASM357369v1_genomic.gff	2715530335	237341132	77637628	1.3852528055081745
GCF_003576645.1_ASM357664v1_genomic.gff	461989178	124254183	42015782	1.4487980730669252
GCF_003713205.1_Ceug_1.0_genomic.gff	699903961	127161290	40891056	1.3215861678896237
GCF_003713225.1_Cara_1.0_genomic.gff	1094446607	204877480	61659269	1.5654226779756342
GCF_004118075.2_ASM411807v2_genomic.gff	518747877	122509706	38489331	1.5283584949813755
GCF_004193775.1_ASM419377v2_genomic.gff	1013766566	218929258	61404293	1.569629195144385
GCF_004353265.1_EGFV_Vit.rip_1.0_genomic.gff	500266779	177832282	35906136	1.6494153255588404
GCF_004379255.2_SspV2_genomic.gff	806082050	204023551	71965648	1.5254528660674327
GCF_004785595.1_Jm3101_v1.0_genomic.gff	527895757	174519284	37402733	1.6426514073182834
GCF_005286985.1_Setaria_viridis_v2.0_genomic.gff	395869604	112948482	37358586	1.4883549393437963
GCF_007655135.1_ASM765513v2_genomic.gff	320494280	89022328	31913141	1.6607482478769482
GCF_007990345.1_Gossypium_hirsutum_v2.1_genomic.gff	2306070423	282482493	86014948	1.7574721198459597
GCF_008831285.2_ASM883128v2_genomic.gff	408895275	153306423	28187899	1.7957574986344318
GCF_009389715.1_palm_55x_up_171113_PBpolish2nd_filt_p_genomic.gff	773189301	250138249	39355261	1.7683268318306922
GCF_009727055.1_ASM972705v1_genomic.gff	912951219	121556548	26972673	1.7146576092032109
GCF_009730915.1_TDr96_F1_v2_PseudoChromosome.rev07_lg8_w22_25.fasta_genomic.gff	584308608	106061608	31439076	1.4152462050729482
GCF_010389155.1_C_canadensis_v1_genomic.gff	426376474	114421661	38431030	1.2289828818015025
GCF_011075055.1_CATAS_Mindica_2.1_genomic.gff	391961648	140517897	44085653	1.7721700526926527
GCF_012489685.1_LjGifu_v1.2_genomic.gff	553706387	143089442	42993151	1.4244219968896907
GCF_013358625.1_SCU_Mint_v3_genomic.gff	744937181	264752953	38603431	1.7348320412245222
GCF_013401445.1_ASM1340144v1_genomic.gff	348533228	130724996	41819457	1.6234995829811947
GCF_014633365.1_ASM1463336v1_genomic.gff	630256098	254639286	33107219	1.8770809170048381
GCF_014773155.1_arast.V10309.gnm1.PFL2_genomic.gff	1328990366	132313165	44151296	1.4246749857580625
GCF_016545825.1_ASM1654582v1_genomic.gff	616530258	158756040	43849757	1.4084542361317989
GCF_016808095.1_ASM1680809v1_genomic.gff	448362642	128481185	37290048	1.707072916613033
GCF_016808335.1_P.virgatum_v5_genomic.gff	1129997604	261239585	71453487	1.6319564362198307
GCF_018446385.1_Zo_v1.1_genomic.gff	3090429014	427598919	86911064	1.5913718764276088
GCF_018687715.1_C.illinoinensisPawnee_v1_genomic.gff	674433157	175592357	43096075	1.9183616837496222
GCF_018873765.1_Tspe_v1_genomic.gff	823061212	339977594	36861784	1.5302361111985248
GCF_019175385.1_ASM1917538v2_genomic.gff	1669814490	212462737	42823834	1.6423737304791532
GCF_019186545.1_ASM1918654v1_genomic.gff	846404520	271137505	38945295	1.4041908785130528
GCF_019202715.1_MaoHua_MHT_genomic.gff	657254080	262575645	47941803	1.5922515471518666
GCF_019320115.1_ASM1932011v1_genomic.gff	2684595054	328587933	85184819	1.4490485329316718
GCF_019359855.1_MPB_Lper_Kyuss_1697_genomic.gff	2276788877	241596635	50047500	1.4190490234277437
GCF_019578655.1_ASM1957865v1_genomic.gff	315619833	87537208	27854179	1.7357787856536715
GCF_020283565.1_ARS_RC_1.1_genomic.gff	414027294	156983730	45746950	1.5088275174629129
GCF_020379485.1_Da-Ae_genomic.gff	1001886053	278463992	112203478	1.3726900159012896
GCF_020520425.1_BTI_SOV_V1_genomic.gff	894736656	182160932	37964978	1.466669386717411
GCF_020921035.1_ASM2092103v1_genomic.gff	346714100	158556589	32603837	1.7232449051932139
GCF_022201045.2_DVS_A1.0_genomic.gff	299778546	120191506	33262657	1.8573676781142288
GCF_022539505.1_APGP_CSIRO_Lrig_0.1_genomic.gff	2438467165	208459351	60451132	1.1763871683990963
GCF_023119035.1_UniMelb_Shisp_WGS_1.0_genomic.gff	321469233	107220586	42874688	1.4898846144373108
GCF_024323335.1_CAAS_Psat_ZW6_1.0_genomic.gff	3796066963	187814080	48583652	1.3665532595203012
GCF_025177605.1_USDA_Cmelo_AY_1.0_genomic.gff	438408223	115531024	27649395	1.8243027379080086
GCF_025698485.1_ASM2569848v2_genomic.gff	1621352140	145258939	43630987	1.5764924593615084
GCF_025698545.1_ASM2569854v1_genomic.gff	751041726	138232503	44398787	1.5780740586448905
GCF_026212465.1_ASM2621246v1_genomic.gff	520234831	153013845	32479495	1.5504069567584102
GCF_026745355.1_EL10.2_genomic.gff	569269539	152807451	31338677	1.6144204811198635
GCF_028751815.1_IMPLAD_Smil_shh_genomic.gff	531614244	153423942	42856381	1.5581176814719844
GCF_029168945.1_ASM2916894v1_genomic.gff	770685239	118176772	38071391	1.4583663360238137
GCF_029784015.1_AGI_CSIRO_Lferr_CH_V1_genomic.gff	1219357132	181353245	37533842	1.5581065748611613
GCF_029867415.1_Vvil1.0_genomic.gff	2034988852	209511026	69516161	1.2867469191804191
GCF_029873635.1_ASM2987363v1_genomic.gff	1494424960	317607672	27795079	1.8768179432049825
GCF_029962835.1_MsV1_genomic.gff	1838578862	422131572	36799905	1.8695923263932339
GCF_030052815.1_ASM3005281v1_genomic.gff	1876651409	196815086	49323483	1.7080888833418353
GCF_030253575.1_ASM3025357v1_genomic.gff	532733691	216323048	40238886	1.7714773962678787
GCF_030272615.1_Sugi_1.0_genomic.gff	9046664120	960725762	53822390	1.6058285408730455
GCF_030704535.1_ASM3070453v1_genomic.gff	495807417	175764698	35209297	1.767204553956303
GCF_031755915.1_ASM3175591v1_genomic.gff	393859588	111123732	34763259	1.7662747615233658
GCF_034140825.1_ASM3414082v1_genomic.gff	386337859	131036573	39897911	1.516727329408299
GCF_036884655.1_Cavendish_Baxijiao_AAA_genomic.gff	1533734047	524179182	122903266	1.776881698164148
GCF_901000735.1_CavTom2PMs-1.0_genomic.gff	369938784	134914455	36470739	1.4010755307151852
GCF_902167145.1_Zm-B73-REFERENCE-NAM-5.0_genomic.gff	2182786008	194344441	42613041	1.8464661088139662
GCF_902201215.1_ALMONDv2_genomic.gff	227756880	85612334	31950896	1.5383365461801133
GCF_904849725.1_MorexV3_pseudomolecules_assembly_genomic.gff	4225713981	158826432	40711766	1.3358035856268184
GCF_907164915.1_dImpGla2.1_genomic.gff	654031307	101917425	39185997	1.2452040202014001
GCF_916048215.2_drMalSylv7.2_genomic.gff	641526810	226858436	50140206	1.7224125086362829
GCF_932294415.1_dhQueRobu3.1_genomic.gff	789348578	266705673	44383499	1.9059578876374754
GCF_933775445.1_drPotAnse1.1_genomic.gff	236973942	81645765	26799827	1.3479236638355911
GCF_937616625.2_ddMerAnnu1.2_genomic.gff	453168992	101246921	34180251	1.3986041822805806
GCF_947179165.1_daSolDulc1.2_genomic.gff	946304905	155709437	33388427	1.5181877241476516
GCF_951802175.1_ddPopNigr1.1_genomic.gff	413224811	130690420	40744433	1.6238484162977553
GCF_958298935.1_lpPhrAust1.1_genomic.gff	848669966	171268621	50586496	1.5556682162765336
GCF_958449725.1_drRosRugo1.1_genomic.gff	417128682	131596288	39278443	1.5598444164398269
GCF_958979055.1_dhAlnGlut1.1_genomic.gff	456761304	157189925	34473563	1.4942674767908382
GCF_963169125.1_drHumLupu1.1_genomic.gff	2488098718	169093868	44708282	1.4141294223741363
GCF_963576675.1_ddEupLath1.1_genomic.gff	1020389306	126796389	29582590	1.684776045640358
GCF_963583255.1_drPyrComm1.1_genomic.gff	487337232	127564447	46608180	1.3123265486873763
